xpbc=104.14400100708008
ypbc=51.33099937438965
zpbc=54.290000915527344
