xpbc=115.27899932861328
ypbc=50.8129997253418
zpbc=49.51099967956543
