xpbc=67.64699935913086
ypbc=62.97200012207031
zpbc=72.41899871826172
