xpbc=45.74799919128418
ypbc=43.19399833679199
zpbc=49.08799934387207
