xpbc=45.94499969482422
ypbc=47.11899948120117
zpbc=46.82699966430664
