xpbc=46.069000244140625
ypbc=44.29999923706055
zpbc=48.422000885009766
