xpbc=46.069000244140625
ypbc=44.30699920654297
zpbc=48.422000885009766
