xpbc=179.11000061035156
ypbc=103.64899826049805
zpbc=116.6240005493164
