xpbc=144.78400421142578
ypbc=47.44899940490723
zpbc=64.22599983215332
