xpbc=178.26200103759766
ypbc=101.75600051879883
zpbc=115.85799789428711
