xpbc=234.37098693847656
ypbc=121.9630012512207
zpbc=93.08000183105469
