xpbc=73.92900085449219
ypbc=66.72700119018555
zpbc=64.04000091552734
