xpbc=78.82000350952148
ypbc=66.03300094604492
zpbc=62.98400115966797
