xpbc=125.03900527954102
ypbc=54.213998794555664
zpbc=65.16400146484375
